(AFG),14,0,0,2
(ALG),13,5,4,8
(ARG),24,21,25,28
(ARM),6,2,6,6
(ANZ),2,3,4
(AUS),26,147,163
(AUT),27,18,33,36
(AZE),6,7,11,24
(BAH),16,6,2,6
(BRN),9,2,1,0
(BAR),12,0,0
(BLR),6,12,27,39
(BEL),26,40,53,55
(BER),18,0,0,1
(BOH),3,0,1
(BOT),10,0,1,0
(BRA),22,30,36,63
(BWI),1,0,0
(BUL),20,51,87
(BDI),6,1,1,0
(CMR),14,3,1,2
(CAN),26,64,102,136
(CHI),23,2,7
(CHN),10,224,167
(COL),19,5,9,14
(CRC),15,1,1,2
(CIV),13,1,1
(CRO),7,11,10,12
(CUB),20,78,68
(CYP),10,0,1,0
(CZE),6,15,17
(TCH),16,49,49
(DEN),27,45,74
(DJI),8,0,0
(DOM),14,3,2,2
(ECU),14,1,1,0
(EGY),22,7,10
(ERI),5,0,0,1
(EST),12,9,9,16
(ETH),13,22,11,21
(FIJ),14,1,0,0
(FIN),25,101,85,117
(FRA),28,212,241
(GAB),10,0,1,0
(GEO),6,8,7,17
(GER),16,191,194
(EUA),3,28,54
(GDR),5,153,129
(FRG),5,56,67
(GHA),14,0,1
(GBR),28,263,295
(GRE),28,33,43
(GRN),9,1,1,0
(GUA),14,0,1,0
(GUY),17,0,0
(HAI),15,0,1
(HKG),16,1,1
(HUN),26,175,147,169
(ISL),20,0,2,2
(IND),24,9,7
(INA),15,7,13,12
(IRI),16,20,22
(IRQ),14,0,0,1
(IRL),21,9,10,12
(ISR),16,1,1,7
(ITA),27,206,178
(JAM),17,22,35
(JPN),22,142,136,161
(JOR),10,1,0,0
(KAZ),6,15,21,27
(KEN),14,31,38,34
(KOS),1,1,0,0
(PRK),10,16,16,22
(KOR),17,90,87,90
(KUW),12,0,0,2
(KGZ),6,0,1,3
(LAT),11,3,11,5
(LIB),17,0,2,2
(LIE),17,0,0,0
(LTU),9,6,6,13
(LUX),23,1,1
(MKD),6,0,0,1
(MAS),13,0,7
(MRI),9,0,0,1
(MEX),23,13,24,32
(MDA),6,0,2,3
(MGL),13,2,10,14
(MNE),3,0,1,0
(MAR),14,6,5,12
(MOZ),10,1,0,1
(NAM),7,0,4,0
(NED),26,85,92
(AHO),13,0,1
(NZL),23,46,27
(NIG),12,0,1,1
(NGR),16,3,10,12
(NOR),25,56,49
(PAK),17,3,3,4
(PAN),17,1,0,2
(PAR),12,0,1,0
(PER),18,1,3
(PHI),21,0,3,7
(POL),21,68,83,133
(POR),24,4,8,12
(PUR),18,1,2,6
(QAT),9,0,1,4
(ROU),21,89,95,122
(RUS),6,148,125
(RU1),3,1,4
(URS),9,395,319
(KSA),11,0,1,2
(SAM),9,0,1,0
(SEN),14,0,1,0
(SRB),4,3,6
(SCG),1,0,2
(SIN),16,1,2,2
(SVK),6,9,12
(SLO),7,5,8,10
(RSA),19,26,31,29
(ESP),23,45,64
(SRI),17,0,2
(SUD),12,0,1,0
(SUR),12,1,0
(SWE),27,145,170
(SUI),28,50,75,67
(SYR),13,1,1,1
(TPE),14,5,7
(TJK),6,1,1,2
(TAN),13,0,2
(THA),16,9,8,16
(TOG),10,0,0,1
(TGA),9,0,1,0
(TTO),17,3,5
(TUN),14,4,2,7
(TUR),22,39,24,28
(UGA),15,2,3,2
(UKR),6,35,30,56
(UAE),9,1,0,1
(USA),27,1,022
(URU),21,2,2,6
(UZB),6,7,6,17
(VEN),18,2,4,9
(VIE),15,1,3,0
(ISV),12,0,1,0
(YUG),18,28,31
(ZAM),13,0,1
(ZIM),13,3,4
